Importers	Imported value in 2020	Imported value in 2021	Imported value in 2022	Imported value in 2023	Imported value in 2024	
"World"	177780115	215788464	194302381	163889746	176347449	
"United States of America"	51636353	60789833	54530352	46287585	49969257	
"Germany"	13654158	17804635	14668630	11430685	12619159	
"Japan"	11359563	9919508	8956962	7486439	8802159	
"United Kingdom"	9118776	9591621	6163396	7119650	7692247	
"Hong Kong, China"	6496813	8347013	6994720	5442785	6454867	
"India"	4523829	7353545	6894061	5392242	5863291	
"Netherlands"	6819220	6995731	6136762	4192287	5793894	
"United Arab Emirates"	4074236	5085855	5914620	6106355	5308656	
"France"	5307294	6429444	5467271	4625303	5143368	
"Canada"	5191923	5860425	5571231	4737510	4876388	
"Czech Republic"	4776757	5764491	5662982	4059612	4318278	
"Australia"	3886596	4425549	4687970	3554247	3845408	
"Korea, Republic of"	3470964	4365444	4444466	3268241	3382513	
"Italy"	3577385	4137564	3491052	2904232	3255125	
"Mexico"	1861632	2802371	2470089	2308397	2712208	
"Singapore"	2117912	2901987	2944468	2076878	2416486	
"Spain"	2266035	2279581	2716432	2179523	2294131	
"Sweden"	2288409	3002115	2755430	2179159	2271113	
"Poland"	1993421	2459288	2340027	2087983	2179500	
"Thailand"	1527056	2497124	1992258	1920926	2003250	
"Russian Federation"	2512263	3327306	2233311	2356436	1964909	
"Belgium"	1765161	2282774	1914245	1811834	1900813	
"Saudi Arabia"	1013260	1133247	1357815	1131079	1628453	
"Switzerland"	1519946	1677588	1882901	1444044	1588236	
"Türkiye"	1272762	1468771	1449702	1873423	1530648	
"Indonesia"	887139	1824917	1688411	1167043	1381743	
"Taipei, Chinese"	1311670	1982388	2099760	1241546	1369928	
"Denmark"	1285710	1790328	1475089	1315885	1332608	
"China"	217778	405449	624323	1795897	1310871	
"Malaysia"	1132302	1846831	1437506	1147201	1097195	
"Austria"	929090	1035078	944798	819181	1017544	
"South Africa"	777304	1295307	1103940	921433	979299	
"Hungary"	498793	560768	645818	602205	861073	
"Colombia"	711250	973113	1055415	637241	846026	
"Norway"	837494	989110	953143	824149	822770	
"Viet Nam"	548623	1298534	1297212	793954	802824	
"Greece"	682519	718309	942984	870447	762475	
"Israel"	726373	815104	814721	567708	717901	
"Chile"	847282	1411767	911653	653283	713770	
"Romania"	580224	705026	689302	624778	692426	
"Slovakia"	539736	755395	648764	789036	675666	
"Finland"	650024	822847	789400	646964	651094	
"Ireland"	627087	743420	649448	486940	599211	
"Philippines"	482063	696978	665157	461234	581861	
"Portugal"	557417	844980	653888	501170	576982	
"Peru"	677087	925258	774162	467398	568954	
"New Zealand"	609284	758180	675413	529927	532599	
"Ukraine"	378649	552517	454611	458369	489602	
"Panama"	355990	343046	262558	279522	428597	
"Kazakhstan"	342351	293726	3241	364797	340486	
"Argentina"	451913	630620	552022	419129	302791	
"Lithuania"	265896	377087	327752	299493	296159	
"Paraguay"	87424	217504	274733	289989	279279	
"Bulgaria"	198130	285619	269288	230885	240012	
"Pakistan"	200875	312056	262311	222811	217761	
"Qatar"	165558	191302	249463	175501	215967	
"Brazil"	192361	251919	244116	141680	215919	
"Costa Rica"	212495	228508	271449	182569	210373	
"Ecuador"	205555	239130	229799	212260	205106	
"Macao, China"	112975	197991	205498	159346	203357	
"Kuwait"	282954	246945	248332	193889	183806	
"Guatemala"	140654	207391	195081	162549	162930	
"Latvia"	133771	180449	171799	167347	161545	
"Croatia"	149815	167414	157901	148141	157764	
"Morocco"	133288	161261	149435	116667	155597	
"Armenia"	18547	20366	89140	107087	152408	
"Estonia"	97184	146019	131874	125723	143842	
"Serbia"	77096	112689	114486	111800	132162	
"Slovenia"	116256	152620	142926	122090	129252	
"El Salvador"	58845	303207	219043	100858	126768	
"Egypt"	363261	362726	223221	98904	117316	
"Luxembourg"	104591	106864	99917	84824	101512	
"Oman"	175714	142983	118252	87565	95761	
"Georgia"	37070	61159	90113	87111	91017	
"Bahrain"	87058	75153	76831	73304	82090	
"Uruguay"	60992	85973	74712	74497	81932	
"Azerbaijan"	48643	80050	85369	86517	81262	
"Dominican Republic"	153936	302281	152562	83315	76781	
"Uzbekistan"	13800	28147	45842	37268	75693	
"Bangladesh"	86796	139622	122705	58494	74597	
"Tunisia"	59133	79472	100053	71937	72392	
"Sri Lanka"	108936	215614	71029	52203	64740	
"Cyprus"	43658	58602	55754	61191	62676	
"Nepal"	49848	112939	65275	52287	60780	
"Uganda"	19008	26196	23507	20020	57557	
"Honduras"	39615	77036	52472	55887	56587	
"Moldova, Republic of"	25585	33199	52333	39281	49235	
"Mongolia"	12991	31299	40844	42383	42032	
"Venezuela, Bolivarian Republic of"	8595	12989	22377	26022	41991	
"Iceland"	41812	55646	54666	41049	41660	
"Mauritius"	30585	50796	44805	45482	40478	
"Ghana"		28223	21496	24879	39593	
"Iraq"	351657	292450	330793	324919	38135	
"Angola"	18735	32193	51206	28414	37763	
"Malta"	26746	38565	41018	32584	36458	
"Kenya"	37286	39150	53964	39517	36221	
"Botswana"	19613	26314	37627	26753	32613	
"Papua New Guinea"	15806	30749	33144	19894	31754	
"Macedonia, North"	32667	42076	34307	31994	29554	
"Bosnia and Herzegovina"	24777	31796	31822	26284	28949	
"Zimbabwe"	21048	29200	37171	32886	27179	
"Ethiopia"	31128	21406	33845	43476	24806	
"Tanzania, United Republic of"	19335	27331	69890	28457	24478	
"Belarus"	105278	142138	37091	79042	21667	
"Jamaica"	38959	38898	31620	29204	20282	
"Nicaragua"	21186	28700	25198	19045	19777	
"Jordan"	56533	69877	73837	71835	18495	
"Fiji"	9298	15631	16194	17713	16925	
"Trinidad and Tobago"	30629	22914	16871	18327	16878	
"Namibia"	17269	26256	23489	19481	16806	
"Zambia"	20384	23206	18342	17544	16445	
"Mozambique"	9743	14636	18275	16759	15746	
"Côte d'Ivoire"	22135	15417	19903	21370	15249	
"Turkmenistan"	11504	16097	91153	48062	15155	
"Montenegro"	8200	9138	13591	14188	15146	
"Barbados"	17043	25004	14665	15246	14898	
"Albania"	14071	14476	14	17237	14889	
"Algeria"	19132	26622	28108	20088	14588	
"Malawi"	5847	9011	9383	11345	12851	
"Maldives"	10243	16410	17565	14010	12707	
"Cayman Islands"	10745	15961	13195	16322	11956	
"Lebanon"	23275	51271	67125	33719	11923	
"Brunei Darussalam"	59590	25953	30461	13091	11725	
"Senegal"	5704	4076	10127	9546	11007	
"Nigeria"	23500	22090	73953	75045	10924	
"Kyrgyzstan"	7309	7918	15396	18671	10871	
"Andorra"	11100	11333	11651	9438	10837	
"Faroe Islands"	5308	5069	3308	4746	10836	
"Lao People's Democratic Republic"	1947	4362	2749	2625	10714	
"Guyana"	7668	10897	8795	9630	10475	
"Bhutan"	6022	16165	10746	7202	10429	
"French Polynesia"	12231	14349	11698	10203	10230	
"Rwanda"	15374	22307	28472	22266	10177	
"Bolivia, Plurinational State of"	14640	27487	22901	13950	9795	
"Guinea"	2749	3302	4768	5060	8282	
"Cameroon"	8020	2882	3528	3811	7851	
"Bahamas"	7029	6639	7687	8004	7762	
"Congo, Democratic Republic of the"	3047	7004	7862	6892	7555	
"New Caledonia"	9753	8441	8413	9254	7202	
"Togo"	2058	3184	2566	5726	7150	
"Cambodia"	2925	3426	11800	7255	6430	
"Lesotho"	2203	4207	4966	4803	6216	
"Curaçao"	6083	6246	5903	6578	6172	
"Cuba"	4649	8234	10498	8855	5859	
"Madagascar"	5689	6474	7577	6661	5618	
"Belize"	5825	4798	4589	5458	5487	
"Niger"	1855	2227	2563	1985	5242	
"Burkina Faso"	6434	6270	8586	6690	5048	
"Benin"	2237	2805	5487	7604	4876	
"Eswatini"	4000	8300	7339	6335	4761	
"Seychelles"	2077	3227	3334	3473	4502	
"Burundi"	3047	3692	4838	4301	4208	
"Gabon"	3665	4898	4860	5798	4090	
"Bermuda"	2735	3765	2329	3365	3907	
"Congo"	2587	1682	2979	3356	3876	
"Chad"	3328	1075	3030	1886	3606	
"Sudan"	7455	10980	6424	6476	3554	
"Aruba"	6028	4781	5048	4901	3425	
"Mali"	1807	18080	4093	4417	3202	
"Grenada"	7696	3939	2140	2195	3050	
"Greenland"	4258	3289	3718	3001	3011	
"Libya, State of"	11067	31295	23134	19551	2727	
"Suriname"	922	986	1894	1925	2715	
"Mauritania"	1153	1633	670	1454	2653	
"Timor-Leste"	881	2162	2745	2200	2571	
"Syrian Arab Republic"	3991	2555	3248	1919	2509	
"Afghanistan"	17305	10689	17051	31094	2375	
"Myanmar"	54840	33243	23254	2888	2283	
"Vanuatu"	1277	2697	2710	1835	2195	
"Guinea-Bissau"	340	767	700	759	2194	
"Central African Republic"	3843	3723	2622	2834	2010	
"Saint Lucia"	6129	1891	2669	3142	1948	
"Haiti"	2996	2874	2581	2485	1760	
"Tajikistan"	1162	1269	1904	1970	1724	
"Gibraltar"	672	562	421	907	1689	
"Liberia"	1076	1186	2316	903	1689	
"Iran, Islamic Republic of"	94275	209023	290458	295525	1637	
"Sierra Leone"	1417	1883	2398	2759	1495	
"Antigua and Barbuda"	1513	2187	1243	1105	1486	
"Cabo Verde"	3015	2238	1781	1881	1424	
"Solomon Islands"	910	1106	1474	1793	1309	
"South Sudan"	2920	3389	1817	1512	1158	
"Turks and Caicos Islands"	402	1338	657	2054	1150	
"Equatorial Guinea"	1689	1440	940	2175	1079	
"Somalia"	3786	9143	82421	43536	999	
"United States Minor Outlying Islands"	1100	1294	1079	982	977	
"Ship stores and bunkers"	1863	337	754	915	949	
"British Virgin Islands"	1614	1144	1202	987	896	
"Samoa"	455	722	1055	770	794	
"Sao Tome and Principe"	269	1051	542	515	736	
"Cook Islands"			616	671	731	
"Tonga"	771	1448	2149	497	723	
"Saint Kitts and Nevis"	1415	705	775	1473	634	
"Djibouti"		2656	2586	2956	608	
"Eritrea"	1214	273	2580	749	596	
"Marshall Islands"	122	299	610	165	578	
"Saint Pierre and Miquelon"	903	944	668	460	506	
"Kiribati"	416	691	447	314	501	
"Free Zones"	11471	13721	5517	2379	497	
"Saint Vincent and the Grenadines"	2060	2148	1558	2720	470	
"Falkland Islands (Malvinas)"	67	29	195	177	456	
"Anguilla"	298	326	273	526	381	
"Yemen"	886	1058	2340	2099	345	
"Gambia"	157	368	251	259	330	
"Dominica"	2027	2416	1264	1077	236	
"Comoros"	182	561	172	239	235	
"Norfolk Island"		364	46	27	222	
"Bonaire, Sint Eustatius and Saba"	1585	1424	976	428	221	
"Palestine, State of"	21637	25648	31828	24127	208	
"Palau"	309	476	108	132	194	
"Montserrat"	253	219	270	243	188	
"Tuvalu"	112	272	128	143	181	
"Nauru"	45	169	262	144	171	
"Wallis and Futuna Islands"	165	109	18	86	122	
"Micronesia, Federated States of"	471	404	339	364	117	
"Sint Maarten (Dutch part)"	66	56	62	68	61	
"Niue"	3	10	36	6	42	
"Korea, Democratic People's Republic of"					34	
"French Southern and Antarctic Territories"	14	342	31		23	
"Cocos (Keeling) Islands"	53	19	155	30	23	
"Northern Mariana Islands"	6	24	248	7	21	
"Saint Helena"	18	20	20	6	14	
"Bouvet Island"					14	
"Christmas Island"	52	110	47	79	13	
"Guam"	3	39	5	27	13	
"British Indian Ocean Territory"					7	
"American Samoa"		2	3		5	
"Pitcairn"			15			
"Tokelau"		14	2	5		
"Western Sahara"		3		23		
