Importers	Exported value in 2020	Exported value in 2021	Exported value in 2022	Exported value in 2023	Exported value in 2024	
"World"	115316393	138993508	127763882	99435701	102187144	
"United States of America"	42271765	48791314	45016760	34520349	32417814	
"Hong Kong, China"	9353176	13162166	10657589	9288497	10582094	
"Netherlands"	11094615	12068665	12120224	8882639	8847401	
"Germany"	6856776	9654616	8793152	6124388	6290437	
"Japan"	8264586	7066235	6550950	5253938	5833082	
"India"	3342988	5517548	5384812	4475587	5194233	
"United Kingdom"	4860038	5486105	4635931	3577785	3895678	
"Australia"	2925263	3010872	3244975	2593287	2569576	
"United Arab Emirates"	1841073	2263822	2496542	2213179	2486151	
"Korea, Republic of"	2172553	2392318	2500498	1619357	1625442	
"Russian Federation"	1771352	2146817	1610201	1534760	1542883	
"Singapore"	1568289	1767101	1915735	1378442	1465072	
"Canada"	1673791	1837807	1814941	1370780	1434985	
"Czech Republic"	1328842	1633090	1306657	905372	1216008	
"Mexico"	975109	1620332	1210109	939500	1151336	
"Indonesia"	721324	1198380	1108766	812333	1109735	
"France"	1123213	1689784	1146022	993381	974215	
"Türkiye"	892155	1063161	999925	1258014	964836	
"Poland"	607101	713864	662200	1034093	960300	
"Italy"	1028842	1380338	1030249	702255	930944	
"Taipei, Chinese"	974122	1287629	1517627	856633	882120	
"Malaysia"	631614	1159339	912229	727551	801293	
"Thailand"	765606	1083934	945785	659847	705581	
"Viet Nam"	440127	735903	595038	530624	607914	
"Philippines"	413741	588247	574571	332118	504089	
"Switzerland"	444579	310276	660199	553641	478065	
"Colombia"	470105	680895	651228	438416	474084	
"South Africa"	443759	677431	545815	516228	464637	
"Spain"	480115	569094	506786	359058	441498	
"Chile"	466995	794247	461118	384633	397422	
"Saudi Arabia"	134444	134211	144166	269726	380432	
"Peru"	384184	545163	450633	296744	380085	
"Greece"	514576	424483	653231	657251	348663	
"Belgium"	300294	447290	785051	262129	346864	
"Kazakhstan"	215575	152183	271299	210738	312881	
"New Zealand"	211890	280054	252621	207673	211576	
"Hungary"	55784	78580	172759	211274	208113	
"Denmark"	127272	279553	476127	262619	197642	
"Sweden"	193821	274132	243804	163073	173580	
"Israel"	273323	271189	243070	201710	171442	
"Austria"	226614	258718	239214	208140	164315	
"Panama"	270506	188578	129695	99324	151827	
"Argentina"	154918	217332	182768	129039	127853	
"Romania"	128506	164757	136479	91178	107524	
"Ecuador"	48248	84277	91307	104594	105259	
"Brazil"	144509	197838	158855	83000	103879	
"Finland"	77223	81530	67187	57542	81117	
"Kyrgyzstan"	155	1172	2103	2428	79381	
"Portugal"	104606	247611	98438	59926	76295	
"Azerbaijan"	17812	34302	51504	53373	59172	
"Armenia"	1711	1195	3940	12223	55561	
"Tunisia"	20948	22029	32473	30526	52655	
"Bulgaria"	28473	54712	59187	46559	51407	
"Georgia"	18394	24924	44312	44566	48840	
"Uzbekistan"	1799	2751	16284	14458	47242	
"El Salvador"	7976	14676	37041	32422	45255	
"Lithuania"	49417	56542	55944	47277	41210	
"Serbia"	14988	17640	21068	10859	39263	
"Cambodia"	2990	2839	5528	24536	38456	
"Morocco"	23163	24576	17374	13525	35898	
"Uruguay"	26999	43070	35567	45277	34261	
"Norway"	40093	40631	46796	23564	33282	
"Costa Rica"	19949	39772	34480	21003	31031	
"Guatemala"	14862	35118	40605	31917	30983	
"Croatia"	40715	28133	22584	26624	28853	
"Ireland"	49062	52771	51552	28989	28705	
"Nigeria"	7486	28998	58958	32455	24804	
"Bangladesh"	42664	71940	51162	12728	24275	
"Ghana"	15383	24702	15464	28212	21365	
"Uganda"	1131	4157	5754	1687	21066	
"Mongolia"	5536	9993	5682	14406	19397	
"Myanmar"	28835	14229	17546	22876	19202	
"Sri Lanka"	46054	91473	17553	16520	18600	
"Iceland"	8401	8443	12321	11555	18323	
"Paraguay"	11880	22331	17784	18057	17151	
"Slovakia"	13474	27443	24791	27937	16786	
"Latvia"	25161	28805	30016	27997	16077	
"Iraq"	6459	1658	830	733	15945	
"Qatar"	20343	29822	26746	15123	15744	
"Belarus"	12660	8220	10283	17085	13682	
"Slovenia"	16042	15981	15388	14593	12405	
"Angola"	1828	4434	6966	4733	11823	
"Jordan"	9980	33617	5676	6840	10568	
"Pakistan"	30524	30861	40458	13630	10394	
"Ukraine"	142501	195895	89744	12329	9925	
"Egypt"	16915	22481	6793	5860	9876	
"Estonia"	8643	8678	10276	11002	9771	
"Ethiopia"	3566	590	557	882	9529	
"Turkmenistan"	7603	11430	9921	7653	9375	
"Nepal"	3513	8885	5387	5087	9238	
"Bosnia and Herzegovina"	2024	8054	5735	7999	9075	
"Oman"	5652	16328	10850	3605	9043	
"Mauritius"	4258	12592	6312	8105	8642	
"Luxembourg"	554085	876864	39316	41560	8438	
"Côte d'Ivoire"	358	1668	5604	10727	8166	
"Macao, China"	6768	8617	25046	13544	7354	
"Kenya"	3466	3567	6919	5713	7268	
"Kuwait"	9190	4960	6965	4264	6697	
"Tanzania, United Republic of"	4526	5583	41318	7536	5287	
"Honduras"	2885	10456	7036	7929	5243	
"Cyprus"	5106	10696	5729	5060	4581	
"Lao People's Democratic Republic"	652	1040	360	924	4035	
"Jamaica"	547	343	1007	2406	3546	
"Venezuela, Bolivarian Republic of"	782	1109	4313	1548	3388	
"Guinea"	102	105	144	288	3239	
"Malta"	368	764	1444	1146	3098	
"Macedonia, North"	5646	4964	5452	3695	2829	
"Papua New Guinea"	867	3863	55652	2571	2768	
"Albania"	1452	5445	5227	2744	2581	
"Lebanon"	3469	3665	8573	7238	2384	
"Bahrain"	3042	3111	2096	2150	2367	
"Mozambique"	738	1886	668	1990	2226	
"Togo"	1063	1306	1568	1735	2173	
"Congo, Democratic Republic of the"	25	1952	530	1561	2116	
"Burkina Faso"	1382	163	293	631	2052	
"Moldova, Republic of"	5244	4741	3741	2837	1832	
"Nicaragua"	661	1258	2109	1372	1761	
"Bolivia, Plurinational State of"	5165	10047	7428	4590	1345	
"Algeria"	1684	2103	7387	3859	1339	
"Senegal"	314	3229	1829	8853	1312	
"Guyana"	63	10	484	685	1168	
"Madagascar"	408	548	786	334	1112	
"Brunei Darussalam"	301	88	230	962	1082	
"Cuba"	223	44	1105	902	1048	
"Cameroon"	4310	182	326	385	969	
"Zambia"	161	421	1065	591	892	
"Botswana"	146	179	6713	551	876	
"Libya, State of"	1108	710	2518	702	758	
"Trinidad and Tobago"	50	286	110	12	731	
"Malawi"	3	113	155	250	723	
"Tajikistan"	64	20	42	37	514	
"Eritrea"	3		1767	9	436	
"Saint Lucia"	0	24	237		435	
"Zimbabwe"	515	828	1859	479	431	
"Benin"	4	97	64	115	418	
"Dominican Republic"	35815	94749	34263	1729	407	
"Liberia"	41	99	98	299	298	
"Rwanda"	170	11	30	36	274	
"New Caledonia"	111	158	5	815	256	
"Sierra Leone"	76	141	382	237	243	
"Gabon"	84	34	82	2	209	
"Vanuatu"	2	2	18		204	
"Tonga"	6	237		3	202	
"Palestine, State of"	112	8	117	594	190	
"Fiji"	124	27	180	459	186	
"Mali"	35	33	38	1195	183	
"Somalia"	0		43	11	143	
"Namibia"	240	471	351	193	130	
"Syrian Arab Republic"	0				99	
"Maldives"	35	50	30	23	96	
"Afghanistan"	34		3	21	88	
"Belize"	1	1			88	
"Sudan"	23	15	117	111	81	
"Yemen"	11	11	15	7	77	
"Timor-Leste"	34	8	52	33	73	
"Marshall Islands"	1	12	64	4	67	
"South Sudan"	0	34		6	66	
"Bahamas"	0	71	37		66	
"Mauritania"	0	20	123	127	61	
"Cayman Islands"	0	1	64	9	60	
"Congo"	17	116	43	16	60	
"Bhutan"	0	336		30	52	
"Chad"	10	64	143	41	45	
"Korea, Democratic People's Republic of"	0				34	
"Djibouti"	22	55	551	164	30	
"Iran, Islamic Republic of"	3949	978	15	373	30	
"Guinea-Bissau"	0	31			22	
"Comoros"	0			27	22	
"Equatorial Guinea"	1		10	524	18	
"Bermuda"	0	22	34	140	18	
"Burundi"	0	16	25	1522	15	
"Bouvet Island"	0				14	
"Guam"	0			1	12	
"Montenegro"	5		504	73	12	
"Sint Maarten (Dutch part)"	0		1	13	11	
"Antigua and Barbuda"	0	9			11	
"Kiribati"	27	23		3	9	
"Saint Kitts and Nevis"	0				9	
"Sao Tome and Principe"	18	13			8	
"Suriname"	197	50	22	10	8	
"Micronesia, Federated States of"	0				6	
"Lesotho"	0		1		5	
"Aruba"	0				5	
"Seychelles"	27	20	52	53	4	
"Cabo Verde"	0	24	1	16	3	
"Haiti"	80	135	1	1	2	
"Niger"	3	32	43	1	2	
"Niue"	0				1	
"Solomon Islands"	6	11	25	48	1	
"Grenada"	0		266		1	
"Curaçao"	0			2	1	
"Samoa"	5	11		7	1	
"Gibraltar"	0	1				
"Oceania Nes"	0	0				
"Europe Othr. Nes"	0		2			
"America not elsewhere specified"	0		11			
"Barbados"	0	2	94			
"Central African Republic"	138	6				
"Dominica"	39	588	59	26		
"French Polynesia"	4	8	11			
"Gambia"	0	8	6	33		
"Palau"	0	2				
"Eswatini"	4					
"Turks and Caicos Islands"	9					
